strategic_region={
	id=20
	name="STRATEGICREGION_299"
	provinces={
		3487 3568 3602 3636 3682 3695 3778 3816 3838 3869 3980 3997 4033 4060 4169 4191 4317 4334 4357 4384 4386 4450 4476 4527 4547 4595 4699 4780 4784 4860 4906 4937 4940 4944 5105 5145 5214 5291 5449 5471 5525 5559 5561 5577 5597 5607 5609 5655 5705 5719 5754 5816 5817 5820 5858 5986 6025 6067 6073 6090 6112 6244 6253 6292 6317 6322 6358 6396 6403 6440 6446 6454 6479 6496 6517 6554 6570 6580 6586 6588 6660 6672 6676 6717 6730 6764 6813 6820 6840 6868 6895 6919 6925 6940 6953 6969 6978 6979 6984 6988 7013 7037 7052 7066 7079 7089 7102 7129 7179 7200 7201 7261 7315 7337 7341 7343 7364 7382 7409 7472 7499 7506 7537 7551 7559 7707 7708 7712 7752 7774 7785 7827 7869 7991 8005 8020 8021 8746 8781 8793 8796 8809 8812 8814 8819 8820 8821 8823 8828 8829 8837 8847 8853 8857 8863 8873 8880 8882 8884 8892 8899 8912 8914 
	}
	naval_terrain=ocean
	weather={
	}
}
