strategic_region={
	id=22
	name="STRATEGICREGION_301"
	provinces={
		3471 3518 3540 3545 3576 3604 3617 3622 3631 3705 3753 3773 3821 3824 3832 3837 3857 3965 3985 4014 4082 4120 4154 4187 4255 4318 4401 4413 4487 4519 4570 4580 4597 4600 4761 4799 4870 4887 4957 4960 4990 5070 5100 5114 5136 5146 5275 5366 5386 5480 5484 5487 5556 5578 5658 5668 5686 5692 5720 5728 5744 5748 5760 5776 5846 5851 5859 5897 5917 5918 5927 5940 5963 5964 5984 6006 6026 6052 6089 6140 6141 6223 6224 6229 6296 6318 6341 6346 6427 6430 6434 6505 6523 6528 6530 6545 6561 6568 6606 6633 6670 6687 6722 6725 6728 6773 6790 6792 6793 6851 6860 6871 6887 6936 6944 6948 6950 6965 7000 7055 7082 7097 7111 7155 7158 7177 7211 7249 7277 7289 7311 7327 7351 7353 7367 7374 7384 7398 7425 7482 7484 7488 7498 7527 7534 7561 7567 7571 7619 7630 7658 7662 7678 7714 7727 7750 7758 7852 7856 7884 7938 7960 7981 7993 8004 8626 8638 8644 8645 8646 8649 8652 8659 8665 8680 8692 8696 8699 8706 8707 8708 8717 8729 8731 8737 8750 8751 8755 8763 8766 8775 8783 8795 8801 8803 8806 8807 8811 8822 8825 8840 8843 8846 8860 8865 8874 8888 8891 8894 8909 8917 
	}
	naval_terrain=ocean
	weather={
	}
}
