strategic_region={
	id=25
	name="STRATEGICREGION_304"
	provinces={
		3381 3395 3398 3401 3418 3441 3460 3464 3473 3475 3495 3502 3524 3529 3542 3567 3570 3571 3578 3593 3598 3613 3615 3616 3629 3659 3660 3671 3706 3715 3721 3722 3723 3734 3737 3745 3779 3780 3790 3800 3808 3815 3826 3829 3833 3842 3848 3864 3881 3885 3887 3940 3956 3988 3991 3994 4001 4043 4053 4079 4080 4090 4111 4129 4132 4133 4165 4177 4180 4198 4229 4236 4242 4262 4273 4283 4295 4301 4319 4323 4349 4377 4389 4393 4394 4404 4408 4421 4449 4467 4479 4493 4495 4510 4515 4545 4557 4587 4605 4610 4639 4641 4658 4667 4673 4674 4697 4700 4704 4729 4732 4811 4812 4822 4835 4864 4888 4896 4936 4964 4975 4982 4989 5016 5040 5054 5055 5062 5065 5071 5073 5118 5119 5131 5134 5161 5164 5170 5174 5184 5185 5189 5201 5204 5234 5236 5249 5250 5298 5302 5311 5326 5342 5348 5358 5360 5363 5367 5373 5407 5436 5451 5462 5477 5512 5513 5531 5537 5579 5580 5591 5596 5600 5615 5630 5639 5648 5664 5678 5682 5702 5724 5756 5785 5794 5830 5832 5842 5857 5860 5862 5878 5881 5895 5909 5915 5930 5947 5949 5975 6005 6014 6034 6049 6054 6077 6083 6085 6118 6129 6168 6171 6172 6173 6176 6225 6232 6233 6242 6254 6269 6280 6281 6309 6329 6349 6354 6375 6381 6389 6402 6409 6413 6417 6418 6438 6456 6463 6476 6482 6483 6495 6503 6509 6535 6559 6562 6573 6582 6584 6590 6595 6603 6607 6625 6645 6647 6652 6665 6667 6697 6698 6712 6715 6741 6744 6757 6787 6802 6807 6830 6831 6834 6837 6844 6857 6863 6872 6891 6896 6909 6911 6939 6973 6975 6981 6986 6987 6991 6994 7010 7018 7042 7059 7067 7081 7085 7087 7103 7123 7128 7162 7187 7188 7208 7213 7223 7238 7241 7258 7266 7267 7295 7330 7332 7333 7346 7411 7414 7431 7437 7442 7454 7487 7515 7547 7552 7554 7577 7580 7581 7582 7608 7621 7632 7634 7636 7644 7654 7656 7661 7665 7677 7697 7715 7721 7726 7731 7747 7748 7757 7764 7772 7773 7787 7803 7822 7828 7835 7849 7864 7868 7883 7895 7898 7900 7902 7913 7914 7927 7932 7949 7952 7985 8006 8016 8017 8033 8034 8035 8046 8057 8065 8067 8068 8070 8079 8080 8082 8083 8084 8085 8091 8101 8102 8111 8113 8116 8122 8129 8130 8134 8135 8143 8144 8145 8147 8151 8158 8159 8160 8166 8168 8169 8173 8174 8175 8177 8181 8187 8190 8191 8193 8196 8208 8212 8213 8214 8220 8224 8228 8229 8231 8232 8237 8238 8239 8243 8247 8248 8249 8250 8251 8252 8258 8265 8269 8271 8279 
	}
	naval_terrain=ocean
	weather={
	}
}
