strategic_region={
	id=27
	name="STRATEGICREGION_306"
	provinces={
		3372 3415 3462 3476 3547 3637 3642 3684 3714 3729 3735 3828 3841 3858 3870 3915 3987 3996 4008 4068 4070 4078 4174 4245 4291 4311 4361 4372 4455 4490 4500 4728 4782 4805 4830 4868 4956 4985 4996 5069 5080 5082 5111 5120 5147 5178 5200 5246 5286 5290 5303 5330 5354 5392 5429 5430 5482 5491 5519 5527 5563 5636 5645 5777 5782 5796 5904 5910 5911 5959 5973 5997 6018 6036 6080 6208 6213 6319 6332 6342 6359 6369 6424 6429 6445 6453 6486 6524 6540 6542 6571 6575 6585 6597 6624 6631 6643 6646 6648 6651 6668 6689 6706 6729 6747 6778 6796 6806 6829 6848 6883 6889 6890 6931 6945 6958 7040 7051 7113 7138 7146 7151 7153 7161 7184 7186 7222 7252 7254 7257 7262 7285 7306 7329 7376 7385 7391 7392 7406 7423 7446 7465 7467 7468 7480 7497 7523 7568 7569 7573 7604 7616 7618 7642 7652 7742 7746 7753 7755 7791 7792 7800 7802 7815 7820 7845 7862 7865 7866 7892 7908 7933 7953 7983 7986 8234 8246 8254 8261 8272 8273 8277 8278 8282 8286 8288 8289 8295 8300 8307 8310 8316 8322 8326 8330 8331 8332 8337 8338 8341 8342 8348 8349 8351 8352 8353 8354 8357 8368 8370 8373 8377 8378 8387 8389 8390 8391 8399 8406 
	}
	naval_terrain=ocean
	weather={
	}
}
