
strategic_region={
	id=3
	name="STRATEGICREGION_282"
	provinces={
		20 75 83 104 194 212 213 220 226 235 240 269 292 301 312 326 333 336 345 353 354 359 365 385 394 408 418 446 456 476 486 493 503 515 520 521 527 562 577 587 595 608 615 631 633 635 674 681 688 714 739 756 770 782 789 798 807 815 841 854 890 903 923 981 986 1012 1013 1040 1071 1072 1083 1145 1166 1204 1214 1219 1222 1250 1256 1262 1286 1291 1315 1352 1359 1376 1380 1381 1392 1401 1417 1427 1433 1447 1448 1454 1459 1463 1484 1491 1504 1577 1588 1603 1608 1617 1622 1654 1661 1669 1674 1687 1690 1712 1722 1724 1732 1763 1769 1807 1825 1836 1846 1864 1875 1894 1939 1947 1951 1952 1954 1967 1974 2015 2020 2027 2029 2071 2077 2082 2091 2119 2120 2132 2136 2140 2142 2154 2171 2186 2202 2213 2219 2243 2246 2250 2255 2262 2270 2273 2277 2281 2298 2300 2310 2329 2356 2357 2367 2401 2409 2444 2445 2476 2478 2541 2557 2570 2577 3201 3236 3249 3253 3254 3259 3267 3268 3273 3276 3277 3279 3286 3291 3293 3296 3298 3303 3306 3313 3314 3318 3321 3330 3331 3337 3340 3341 3342 3345 3347 3354 3355 3358 3359 3362 3363 3364 3366 3367 3368 3369 3370 3371 
	}
	weather={
		period={
			between={ 0.0 3.0 }
			temperature={ -10.0 35.0 }
			no_phenomenon=1.500
			rain_light=0.250
			rain_heavy=0.100
			snow=0.000
			blizzard=0.000
			arctic_water=0.000
			mud=0.000
			sandstorm=0.000
			min_snow_level=0.000
		}
		period={
			between={ 3.0 4.0 }
			temperature={ -10.0 35.0 }
			no_phenomenon=1.500
			rain_light=0.250
			rain_heavy=0.100
			snow=0.000
			blizzard=0.000
			arctic_water=0.000
			mud=0.000
			sandstorm=0.000
			min_snow_level=0.000
		}
		period={
			between={ 4.0 7.0 }
			temperature={ -10.0 35.0 }
			no_phenomenon=1.500
			rain_light=0.250
			rain_heavy=0.100
			snow=0.000
			blizzard=0.000
			arctic_water=0.000
			mud=0.000
			sandstorm=0.000
			min_snow_level=0.000
		}
		period={
			between={ 7.0 10.0 }
			temperature={ -10.0 35.0 }
			no_phenomenon=1.500
			rain_light=0.250
			rain_heavy=0.100
			snow=0.000
			blizzard=0.000
			arctic_water=0.000
			mud=0.000
			sandstorm=0.000
			min_snow_level=0.000
		}
		period={
			between={ 10.0 11.1 }
			temperature={ -10.0 35.0 }
			no_phenomenon=1.500
			rain_light=0.250
			rain_heavy=0.100
			snow=0.000
			blizzard=0.000
			arctic_water=0.000
			mud=0.000
			sandstorm=0.000
			min_snow_level=0.000
		}
	}
}
