
strategic_region={
	id=13
	name="STRATEGICREGION_292"
	provinces={
		5 10 11 16 23 28 56 67 71 78 90 100 101 113 130 138 151 154 178 187 201 209 223 228 230 238 243 246 253 277 281 298 315 342 343 350 378 388 393 405 431 438 441 452 463 475 491 509 511 517 523 526 534 538 554 570 604 606 624 642 652 669 671 729 746 755 760 779 793 802 826 831 838 885 898 919 953 955 964 985 1015 1020 1025 1029 1075 1108 1128 1132 1158 1164 1181 1188 1193 1203 1225 1230 1252 1260 1284 1290 1308 1321 1327 1364 1367 1371 1373 1406 1408 1415 1424 1430 1465 1485 1490 1501 1519 1521 1529 1542 1547 1551 1560 1596 1605 1606 1607 1609 1610 1612 1635 1648 1659 1660 1676 1683 1685 1696 1709 1713 1726 1745 1771 1780 1783 1785 1797 1800 1808 1811 1820 1841 1854 1859 1873 1876 1884 1889 1891 1895 1904 1905 1972 1977 1990 1998 2016 2018 2021 2024 2026 2032 2047 2051 2054 2061 2065 2067 2080 2085 2092 2109 2137 2148 2178 2198 2207 2215 2221 2326 2330 2359 2362 2448 2455 2457 2460 2461 2468 2481 2493 2502 2522 2526 2535 2543 2545 2555 2556 2572 2640 2646 2651 2652 2653 2656 2660 2661 2662 2668 2673 2674 2675 2678 2680 2684 2686 2687 2688 2689 2690 2691 2694 2695 2697 2698 2699 2700 2702 2704 2708 2709 2712 2713 2714 2715 2718 2719 2720 2721 2727 2731 2732 2734 2735 2737 2738 2740 2742 2745 2747 2748 2753 2754 2755 2756 2758 2761 2762 2768 2769 2772 2773 2774 2776 2777 2778 2781 2783 2785 2787 2788 2799 2800 2802 2804 2814 2815 2828 2841 2847 
	}
	weather={
		period={
			between={ 0.0 3.0 }
			temperature={ -10.0 35.0 }
			no_phenomenon=1.500
			rain_light=0.250
			rain_heavy=0.100
			snow=0.000
			blizzard=0.000
			arctic_water=0.000
			mud=0.000
			sandstorm=0.000
			min_snow_level=0.000
		}
		period={
			between={ 3.0 4.0 }
			temperature={ -10.0 35.0 }
			no_phenomenon=1.500
			rain_light=0.250
			rain_heavy=0.100
			snow=0.000
			blizzard=0.000
			arctic_water=0.000
			mud=0.000
			sandstorm=0.000
			min_snow_level=0.000
		}
		period={
			between={ 4.0 7.0 }
			temperature={ -10.0 35.0 }
			no_phenomenon=1.500
			rain_light=0.250
			rain_heavy=0.100
			snow=0.000
			blizzard=0.000
			arctic_water=0.000
			mud=0.000
			sandstorm=0.000
			min_snow_level=0.000
		}
		period={
			between={ 7.0 10.0 }
			temperature={ -10.0 35.0 }
			no_phenomenon=1.500
			rain_light=0.250
			rain_heavy=0.100
			snow=0.000
			blizzard=0.000
			arctic_water=0.000
			mud=0.000
			sandstorm=0.000
			min_snow_level=0.000
		}
		period={
			between={ 10.0 11.1 }
			temperature={ -10.0 35.0 }
			no_phenomenon=1.500
			rain_light=0.250
			rain_heavy=0.100
			snow=0.000
			blizzard=0.000
			arctic_water=0.000
			mud=0.000
			sandstorm=0.000
			min_snow_level=0.000
		}
	}
}
