
strategic_region={
	id=23
	name="STRATEGICREGION_302"
	provinces={
		3399 3411 3459 3560 3600 3601 3627 3709 3725 3738 3801 3845 3853 3886 3908 3920 3946 3950 3977 4024 4044 4046 4051 4052 4066 4081 4097 4145 4151 4178 4200 4257 4261 4264 4312 4315 4351 4358 4362 4368 4374 4390 4417 4434 4443 4453 4471 4549 4563 4583 4589 4615 4625 4627 4638 4659 4678 4715 4726 4736 4738 4818 4843 4915 4969 5028 5050 5059 5078 5179 5193 5194 5208 5263 5324 5361 5372 5381 5426 5444 5457 5476 5497 5520 5521 5523 5532 5551 5584 5601 5638 5652 5671 5684 5708 5723 5731 5732 5750 5779 5799 5807 5813 5828 5905 5922 5938 5956 6039 6050 6111 6180 6214 6301 6313 6343 6356 6382 6383 6386 6414 6485 6488 6494 6508 6534 6604 6614 6615 6634 6663 6674 6693 6733 6781 6856 6862 6870 6877 6888 6901 6916 6917 7061 7062 7065 7078 7101 7120 7192 7197 7229 7233 7344 7345 7348 7389 7396 7441 7452 7459 7503 7528 7550 7553 7639 7672 7745 7811 7837 7840 7859 7874 7886 7964 8001 8578 8584 8585 8592 8593 8602 8608 8614 8624 8627 8631 8642 8643 8650 8651 8657 8661 8662 8672 8673 8684 8687 8689 8703 8711 8714 8720 8721 8727 8749 8760 8764 8786 8791 8810 8836 8854 8867 8876 8893 8902 8913 
	}
	naval_terrain=ocean
	weather={
		period={
			between={ 0.0 3.0 }
			temperature={ -10.0 35.0 }
			no_phenomenon=1.500
			rain_light=0.250
			rain_heavy=0.100
			snow=0.000
			blizzard=0.000
			arctic_water=0.000
			mud=0.000
			sandstorm=0.000
			min_snow_level=0.000
		}
		period={
			between={ 3.0 4.0 }
			temperature={ -10.0 35.0 }
			no_phenomenon=1.500
			rain_light=0.250
			rain_heavy=0.100
			snow=0.000
			blizzard=0.000
			arctic_water=0.000
			mud=0.000
			sandstorm=0.000
			min_snow_level=0.000
		}
		period={
			between={ 4.0 7.0 }
			temperature={ -10.0 35.0 }
			no_phenomenon=1.500
			rain_light=0.250
			rain_heavy=0.100
			snow=0.000
			blizzard=0.000
			arctic_water=0.000
			mud=0.000
			sandstorm=0.000
			min_snow_level=0.000
		}
		period={
			between={ 7.0 10.0 }
			temperature={ -10.0 35.0 }
			no_phenomenon=1.500
			rain_light=0.250
			rain_heavy=0.100
			snow=0.000
			blizzard=0.000
			arctic_water=0.000
			mud=0.000
			sandstorm=0.000
			min_snow_level=0.000
		}
		period={
			between={ 10.0 11.1 }
			temperature={ -10.0 35.0 }
			no_phenomenon=1.500
			rain_light=0.250
			rain_heavy=0.100
			snow=0.000
			blizzard=0.000
			arctic_water=0.000
			mud=0.000
			sandstorm=0.000
			min_snow_level=0.000
		}
	}
}
