
strategic_region={
	id=24
	name="STRATEGICREGION_303"
	provinces={
		3406 3407 3409 3410 3478 3490 3499 3515 3539 3566 3584 3592 3620 3645 3647 3726 3785 3789 3791 3819 3823 3849 3850 3906 3951 3970 4003 4049 4059 4073 4086 4100 4116 4117 4123 4124 4128 4137 4172 4203 4220 4221 4223 4230 4232 4260 4290 4300 4325 4348 4365 4366 4375 4397 4403 4422 4448 4452 4468 4496 4499 4521 4524 4542 4558 4565 4592 4620 4637 4649 4664 4666 4676 4689 4691 4694 4716 4731 4747 4748 4756 4759 4775 4795 4800 4828 4842 4851 4873 4875 4910 4931 4959 4976 5061 5075 5085 5106 5125 5127 5132 5141 5186 5196 5197 5205 5218 5242 5288 5295 5297 5323 5328 5387 5455 5483 5587 5588 5599 5608 5640 5642 5685 5715 5738 5741 5763 5775 5800 5814 5818 5826 5882 5887 5896 5902 5920 5926 5933 5935 5941 5942 5955 5965 5994 6000 6011 6033 6060 6071 6072 6074 6126 6142 6145 6155 6166 6178 6179 6186 6195 6204 6215 6218 6226 6228 6238 6239 6258 6261 6273 6291 6297 6311 6345 6353 6362 6378 6384 6420 6428 6449 6455 6460 6477 6480 6481 6492 6605 6630 6632 6640 6655 6656 6677 6682 6686 6700 6703 6705 6716 6751 6766 6800 6804 6913 6921 6927 6929 6943 6954 6974 6980 6982 6993 6995 7004 7009 7054 7056 7058 7090 7099 7133 7137 7139 7145 7147 7152 7156 7163 7167 7175 7176 7183 7209 7224 7244 7245 7251 7291 7313 7325 7334 7342 7363 7368 7404 7410 7413 7415 7416 7420 7429 7432 7447 7464 7476 7485 7494 7530 7538 7564 7586 7594 7624 7631 7648 7659 7666 7680 7685 7702 7704 7705 7734 7735 7749 7766 7786 7806 7812 7829 7857 7873 7918 7923 7930 7936 7940 7962 7968 7979 7995 7998 7999 8019 8026 8029 8287 8291 8293 8297 8298 8308 8309 8313 8318 8320 8321 8323 8327 8339 8346 8350 8365 8375 8380 8386 8392 8400 8404 8405 8409 8413 8417 8421 8422 8427 8431 8432 8433 8434 8443 8449 8453 8471 8472 8478 8479 8482 8483 8484 8492 8502 8510 8537 8539 8548 8562 8568 
	}
	naval_terrain=ocean
	weather={
		period={
			between={ 0.0 3.0 }
			temperature={ -10.0 35.0 }
			no_phenomenon=1.500
			rain_light=0.250
			rain_heavy=0.100
			snow=0.000
			blizzard=0.000
			arctic_water=0.000
			mud=0.000
			sandstorm=0.000
			min_snow_level=0.000
		}
		period={
			between={ 3.0 4.0 }
			temperature={ -10.0 35.0 }
			no_phenomenon=1.500
			rain_light=0.250
			rain_heavy=0.100
			snow=0.000
			blizzard=0.000
			arctic_water=0.000
			mud=0.000
			sandstorm=0.000
			min_snow_level=0.000
		}
		period={
			between={ 4.0 7.0 }
			temperature={ -10.0 35.0 }
			no_phenomenon=1.500
			rain_light=0.250
			rain_heavy=0.100
			snow=0.000
			blizzard=0.000
			arctic_water=0.000
			mud=0.000
			sandstorm=0.000
			min_snow_level=0.000
		}
		period={
			between={ 7.0 10.0 }
			temperature={ -10.0 35.0 }
			no_phenomenon=1.500
			rain_light=0.250
			rain_heavy=0.100
			snow=0.000
			blizzard=0.000
			arctic_water=0.000
			mud=0.000
			sandstorm=0.000
			min_snow_level=0.000
		}
		period={
			between={ 10.0 11.1 }
			temperature={ -10.0 35.0 }
			no_phenomenon=1.500
			rain_light=0.250
			rain_heavy=0.100
			snow=0.000
			blizzard=0.000
			arctic_water=0.000
			mud=0.000
			sandstorm=0.000
			min_snow_level=0.000
		}
	}
}
