
strategic_region={
	id=26
	name="STRATEGICREGION_305"
	provinces={
		3380 3382 3423 3457 3483 3489 3523 3530 3577 3605 3648 3670 3694 3699 3710 3768 3769 3797 3799 3810 3812 3911 3925 3928 3939 3961 3984 3990 4004 4025 4036 4039 4047 4071 4085 4094 4110 4119 4127 4171 4179 4202 4248 4259 4269 4274 4306 4343 4382 4439 4447 4457 4458 4494 4502 4506 4555 4569 4582 4621 4644 4656 4669 4735 4737 4772 4786 4804 4807 4809 4839 4841 4878 4889 4917 4946 4951 4954 4979 4992 5035 5039 5047 5048 5063 5066 5072 5076 5089 5121 5130 5142 5144 5162 5188 5223 5240 5264 5268 5281 5319 5346 5364 5371 5378 5385 5399 5400 5404 5414 5421 5422 5448 5492 5528 5541 5560 5585 5622 5628 5632 5647 5681 5701 5707 5747 5843 5847 5864 5877 5901 5937 5943 5944 5980 5993 6016 6044 6055 6057 6066 6069 6082 6099 6119 6125 6127 6128 6137 6139 6158 6160 6196 6205 6235 6250 6256 6268 6278 6285 6298 6304 6306 6324 6336 6348 6387 6408 6433 6443 6501 6504 6518 6529 6553 6572 6581 6617 6684 6690 6692 6695 6699 6710 6713 6739 6749 6770 6794 6816 6832 6858 6882 6892 6903 6905 6915 6928 6952 6976 6983 7011 7014 7021 7026 7031 7036 7039 7064 7068 7069 7080 7096 7116 7130 7143 7171 7172 7174 7180 7181 7195 7202 7217 7218 7220 7247 7264 7278 7279 7284 7307 7308 7320 7366 7373 7401 7402 7405 7427 7445 7457 7458 7478 7531 7545 7546 7574 7617 7620 7637 7638 7640 7690 7709 7711 7719 7732 7776 7781 7789 7804 7821 7846 7858 7867 7904 7920 7937 7950 7980 7984 7990 8012 8036 8037 8038 8039 8058 8061 8071 8073 8075 8078 8086 8089 8092 8099 8100 8103 8110 8114 8118 8120 8127 8132 8138 8139 8146 8150 8152 8157 8161 8163 8164 8171 8176 8178 8179 8182 8184 8185 8186 8188 8194 8198 8199 8201 8209 8215 8218 8219 8223 8227 8230 8233 8235 8236 8241 8245 
	}
	naval_terrain=ocean
	weather={
		period={
			between={ 0.0 3.0 }
			temperature={ -10.0 35.0 }
			no_phenomenon=1.500
			rain_light=0.250
			rain_heavy=0.100
			snow=0.000
			blizzard=0.000
			arctic_water=0.000
			mud=0.000
			sandstorm=0.000
			min_snow_level=0.000
		}
		period={
			between={ 3.0 4.0 }
			temperature={ -10.0 35.0 }
			no_phenomenon=1.500
			rain_light=0.250
			rain_heavy=0.100
			snow=0.000
			blizzard=0.000
			arctic_water=0.000
			mud=0.000
			sandstorm=0.000
			min_snow_level=0.000
		}
		period={
			between={ 4.0 7.0 }
			temperature={ -10.0 35.0 }
			no_phenomenon=1.500
			rain_light=0.250
			rain_heavy=0.100
			snow=0.000
			blizzard=0.000
			arctic_water=0.000
			mud=0.000
			sandstorm=0.000
			min_snow_level=0.000
		}
		period={
			between={ 7.0 10.0 }
			temperature={ -10.0 35.0 }
			no_phenomenon=1.500
			rain_light=0.250
			rain_heavy=0.100
			snow=0.000
			blizzard=0.000
			arctic_water=0.000
			mud=0.000
			sandstorm=0.000
			min_snow_level=0.000
		}
		period={
			between={ 10.0 11.1 }
			temperature={ -10.0 35.0 }
			no_phenomenon=1.500
			rain_light=0.250
			rain_heavy=0.100
			snow=0.000
			blizzard=0.000
			arctic_water=0.000
			mud=0.000
			sandstorm=0.000
			min_snow_level=0.000
		}
	}
}
