
strategic_region={
	id=30
	name="STRATEGICREGION_309"
	provinces={
		3374 3481 3507 3572 3594 3663 3739 3831 3839 3889 3962 4042 4121 4158 4160 4209 4234 4265 4278 4302 4328 4342 4427 4466 4576 4606 4718 4788 4877 5068 5077 5101 5126 5139 5169 5177 5219 5231 5271 5304 5325 5344 5394 5403 5409 5415 5500 5504 5582 5602 5616 5618 5694 5769 5841 5892 5951 5978 5991 6010 6024 6075 6087 6187 6203 6211 6259 6260 6262 6303 6330 6337 6352 6360 6370 6388 6390 6401 6404 6407 6422 6423 6461 6466 6594 6626 6650 6708 6742 6756 6772 6824 6845 6859 6886 6914 6960 6961 7005 7023 7029 7043 7045 7057 7091 7106 7210 7219 7228 7231 7255 7265 7273 7303 7316 7326 7358 7372 7383 7433 7434 7451 7453 7470 7473 7489 7504 7505 7543 7596 7611 7612 7633 7647 7663 7675 7679 7682 7716 7725 7736 7751 7765 7771 7782 7813 7817 7838 7843 7850 7878 7882 7901 7947 7978 8011 8018 8023 8418 8420 8428 8429 8430 8441 8442 8448 8451 8455 8456 8457 8458 8459 8467 8468 8469 8470 8475 8476 8480 8481 8487 8488 8489 8490 8491 8493 8494 8495 8496 8497 8498 8500 8503 8504 8505 8506 8507 8509 8512 8515 8517 8518 8520 8527 8533 8541 8546 8560 8563 
	}
	naval_terrain=water_shallow_sea
	weather={
		period={
			between={ 0.0 3.0 }
			temperature={ -10.0 35.0 }
			no_phenomenon=1.500
			rain_light=0.250
			rain_heavy=0.100
			snow=0.000
			blizzard=0.000
			arctic_water=0.000
			mud=0.000
			sandstorm=0.000
			min_snow_level=0.000
		}
		period={
			between={ 3.0 4.0 }
			temperature={ -10.0 35.0 }
			no_phenomenon=1.500
			rain_light=0.250
			rain_heavy=0.100
			snow=0.000
			blizzard=0.000
			arctic_water=0.000
			mud=0.000
			sandstorm=0.000
			min_snow_level=0.000
		}
		period={
			between={ 4.0 7.0 }
			temperature={ -10.0 35.0 }
			no_phenomenon=1.500
			rain_light=0.250
			rain_heavy=0.100
			snow=0.000
			blizzard=0.000
			arctic_water=0.000
			mud=0.000
			sandstorm=0.000
			min_snow_level=0.000
		}
		period={
			between={ 7.0 10.0 }
			temperature={ -10.0 35.0 }
			no_phenomenon=1.500
			rain_light=0.250
			rain_heavy=0.100
			snow=0.000
			blizzard=0.000
			arctic_water=0.000
			mud=0.000
			sandstorm=0.000
			min_snow_level=0.000
		}
		period={
			between={ 10.0 11.1 }
			temperature={ -10.0 35.0 }
			no_phenomenon=1.500
			rain_light=0.250
			rain_heavy=0.100
			snow=0.000
			blizzard=0.000
			arctic_water=0.000
			mud=0.000
			sandstorm=0.000
			min_snow_level=0.000
		}
	}
}
