
strategic_region={
	id=34
	name="STRATEGICREGION_313"
	provinces={
		3379 3389 3393 3408 3412 3421 3426 3434 3435 3439 3445 3474 3479 3480 3496 3500 3505 3517 3525 3531 3538 3543 3544 3546 3563 3588 3589 3630 3635 3643 3649 3662 3666 3674 3676 3679 3696 3708 3716 3719 3733 3744 3747 3750 3764 3766 3774 3775 3786 3788 3796 3806 3813 3817 3835 3847 3874 3880 3884 3890 3894 3895 3904 3918 3919 3922 3927 3930 3935 3947 3953 3954 3968 3972 3975 3979 3986 3995 3998 4007 4009 4015 4016 4029 4030 4031 4035 4040 4048 4056 4062 4063 4076 4077 4084 4089 4091 4093 4096 4099 4108 4113 4140 4142 4146 4148 4156 4159 4164 4170 4175 4176 4183 4189 4190 4210 4211 4222 4226 4237 4253 4268 4271 4277 4279 4286 4288 4296 4305 4336 4339 4341 4345 4352 4364 4370 4376 4379 4383 4387 4398 4399 4406 4409 4418 4419 4437 4451 4456 4461 4472 4480 4481 4483 4488 4491 4517 4523 4530 4535 4539 4541 4548 4550 4562 4566 4573 4575 4577 4590 4596 4602 4613 4617 4622 4626 4630 4640 4645 4655 4663 4671 4683 4688 4690 4695 4696 4706 4708 4719 4721 4723 4739 4744 4745 4746 4753 4764 4765 4781 4793 4794 4801 4802 4808 4810 4814 4815 4817 4819 4820 4826 4827 4845 4858 4871 4872 4894 4899 4904 4913 4922 4926 4928 4938 4958 4967 4974 4977 4994 4999 5004 5009 5011 5013 5020 5023 5053 5056 5057 5060 5084 5090 5095 5096 5109 5112 5117 5122 5129 5135 5137 5149 5156 5159 5172 5175 5176 5192 5198 5202 5237 5238 5247 5262 5265 5267 5274 5277 5278 5283 5287 5289 5293 5299 5309 5314 5317 5320 5327 5333 5334 5335 5345 5349 5351 5375 5379 5380 5388 5391 5412 5420 5424 5428 5433 5443 5445 5458 5468 5478 5498 5501 5503 5510 5511 5524 5538 5546 5567 5568 5571 5581 5603 5610 5617 5620 5623 5659 5665 5672 5677 5679 5691 5699 5704 5709 5712 5734 5737 5739 5745 5751 5758 5759 5761 5762 5766 5770 5771 5778 5781 5787 5791 5797 5803 5804 5805 5808 5822 5849 5852 5865 5867 5868 5869 5872 5884 5898 5914 5968 5972 5979 5985 5988 5990 5996 6001 6007 6009 6027 6028 6042 6046 6051 6088 6093 6096 6098 6102 6104 6105 6115 6123 6124 6146 6149 6153 6154 6165 6169 6188 6201 6207 6216 6220 6221 6222 6234 6248 6251 6255 6257 6264 6270 6286 6294 6300 6310 6325 6328 6365 6371 6373 6385 6391 6399 6400 6411 6415 6421 6426 6431 6432 6444 6448 6450 6451 6459 6471 6472 6507 6520 6533 6537 6548 6555 6569 6576 6587 6589 6593 6599 6602 6618 6621 6623 6638 6661 6673 6679 6718 6719 6720 6721 6736 6745 6754 6761 6768 6775 6784 6791 6795 6812 6825 6838 6850 6875 6884 6893 6898 6900 6912 6935 6941 6946 6963 6967 6972 6992 7008 7015 7032 7044 7053 7060 7075 7088 7094 7108 7112 7122 7132 7140 7154 7157 7160 7170 7189 7194 7204 7206 7215 7235 7240 7259 7260 7263 7281 7282 7283 7288 7290 7293 7305 7322 7328 7357 7361 7371 7375 7380 7381 7400 7421 7424 7440 7443 7450 7455 7460 7462 7471 7475 7477 7501 7519 7524 7526 7533 7536 7541 7542 7558 7565 7572 7576 7578 7579 7584 7592 7600 7610 7623 7625 7667 7684 7687 7692 7700 7701 7713 7720 7722 7733 7740 7743 7754 7756 7761 7763 7778 7784 7798 7825 7899 7916 7917 7931 7935 7945 7954 7955 7958 7969 7970 8042 8043 8044 8049 8050 8051 8052 8053 8055 8062 8066 8069 8072 8076 8094 8095 8096 8097 8098 8109 8117 8121 8124 8125 8126 8136 8142 8154 8156 8170 8172 8189 8195 8197 8202 8203 8204 8205 8210 8216 8217 8221 8225 8240 8255 8260 8262 8267 8268 8275 8276 8283 8285 8294 8302 8303 8311 8314 8319 8328 8333 8335 8356 8360 8361 8363 8369 8374 8376 8382 8384 8394 8396 8397 8398 8401 8403 8407 8408 8412 8419 8423 8426 8435 8438 8439 8440 8446 
	}
	weather={
		period={
			between={ 0.0 3.0 }
			temperature={ -10.0 35.0 }
			no_phenomenon=1.500
			rain_light=0.250
			rain_heavy=0.100
			snow=0.000
			blizzard=0.000
			arctic_water=0.000
			mud=0.000
			sandstorm=0.000
			min_snow_level=0.000
		}
		period={
			between={ 3.0 4.0 }
			temperature={ -10.0 35.0 }
			no_phenomenon=1.500
			rain_light=0.250
			rain_heavy=0.100
			snow=0.000
			blizzard=0.000
			arctic_water=0.000
			mud=0.000
			sandstorm=0.000
			min_snow_level=0.000
		}
		period={
			between={ 4.0 7.0 }
			temperature={ -10.0 35.0 }
			no_phenomenon=1.500
			rain_light=0.250
			rain_heavy=0.100
			snow=0.000
			blizzard=0.000
			arctic_water=0.000
			mud=0.000
			sandstorm=0.000
			min_snow_level=0.000
		}
		period={
			between={ 7.0 10.0 }
			temperature={ -10.0 35.0 }
			no_phenomenon=1.500
			rain_light=0.250
			rain_heavy=0.100
			snow=0.000
			blizzard=0.000
			arctic_water=0.000
			mud=0.000
			sandstorm=0.000
			min_snow_level=0.000
		}
		period={
			between={ 10.0 11.1 }
			temperature={ -10.0 35.0 }
			no_phenomenon=1.500
			rain_light=0.250
			rain_heavy=0.100
			snow=0.000
			blizzard=0.000
			arctic_water=0.000
			mud=0.000
			sandstorm=0.000
			min_snow_level=0.000
		}
	}
}
