
strategic_region={
	id=35
	name="STRATEGICREGION_314"
	provinces={
		3373 3375 3385 3386 3387 3392 3417 3419 3422 3428 3440 3447 3453 3468 3501 3511 3513 3521 3534 3541 3550 3557 3561 3590 3611 3632 3634 3654 3655 3658 3668 3685 3688 3697 3700 3712 3713 3717 3765 3777 3793 3802 3811 3818 3843 3860 3861 3868 3872 3873 3883 3893 3903 3905 3912 3924 3949 3964 3971 3978 3992 4000 4011 4012 4026 4032 4041 4050 4087 4095 4098 4106 4107 4114 4118 4131 4134 4136 4163 4186 4188 4192 4218 4219 4241 4263 4270 4292 4303 4327 4329 4337 4392 4400 4428 4445 4454 4464 4473 4475 4478 4503 4520 4525 4553 4568 4586 4599 4609 4614 4618 4624 4635 4643 4650 4670 4682 4684 4734 4752 4755 4760 4824 4833 4840 4850 4880 4886 4929 4953 4955 4968 4981 4983 5001 5005 5019 5025 5043 5064 5074 5087 5103 5107 5108 5110 5143 5148 5150 5153 5157 5209 5226 5253 5261 5280 5284 5301 5305 5321 5339 5377 5423 5439 5453 5463 5466 5505 5530 5533 5535 5539 5540 5552 5558 5562 5574 5586 5589 5593 5613 5614 5625 5634 5635 5674 5675 5693 5696 5698 5716 5721 5740 5743 5746 5768 5773 5792 5801 5806 5815 5836 5845 5873 5876 5939 5969 5977 5983 6012 6020 6030 6035 6041 6043 6045 6056 6091 6100 6108 6116 6121 6150 6151 6156 6157 6162 6163 6167 6175 6177 6184 6185 6191 6197 6219 6236 6247 6263 6276 6295 6314 6326 6334 6344 6377 6393 6405 6412 6436 6437 6439 6442 6474 6484 6491 6498 6513 6522 6536 6538 6551 6558 6565 6574 6577 6579 6622 6636 6641 6642 6644 6664 6680 6683 6701 6709 6743 6755 6782 6788 6798 6799 6810 6818 6827 6839 6842 6854 6885 6894 6904 6932 6933 6956 6959 6962 6970 6977 6989 6997 7002 7024 7049 7070 7083 7095 7104 7105 7124 7134 7136 7169 7216 7221 7234 7243 7271 7274 7292 7324 7331 7365 7386 7408 7417 7486 7490 7511 7540 7557 7562 7591 7613 7614 7706 7760 7790 7833 7855 7871 7872 7881 7887 7903 7907 7910 7921 7946 7972 7977 7989 7996 8024 8027 8447 8454 8461 8462 8463 8465 8473 8474 8486 8501 8519 8521 8522 8525 8529 8530 8542 8543 8547 8549 8550 8551 8559 8561 8567 8570 8571 8576 8580 8581 8582 8586 8590 8591 8599 8621 8622 8634 8635 8636 8640 8647 8660 8666 8668 8670 8671 8676 8683 8688 8691 8695 8705 8709 
	}
	weather={
		period={
			between={ 0.0 3.0 }
			temperature={ -10.0 35.0 }
			no_phenomenon=1.500
			rain_light=0.250
			rain_heavy=0.100
			snow=0.000
			blizzard=0.000
			arctic_water=0.000
			mud=0.000
			sandstorm=0.000
			min_snow_level=0.000
		}
		period={
			between={ 3.0 4.0 }
			temperature={ -10.0 35.0 }
			no_phenomenon=1.500
			rain_light=0.250
			rain_heavy=0.100
			snow=0.000
			blizzard=0.000
			arctic_water=0.000
			mud=0.000
			sandstorm=0.000
			min_snow_level=0.000
		}
		period={
			between={ 4.0 7.0 }
			temperature={ -10.0 35.0 }
			no_phenomenon=1.500
			rain_light=0.250
			rain_heavy=0.100
			snow=0.000
			blizzard=0.000
			arctic_water=0.000
			mud=0.000
			sandstorm=0.000
			min_snow_level=0.000
		}
		period={
			between={ 7.0 10.0 }
			temperature={ -10.0 35.0 }
			no_phenomenon=1.500
			rain_light=0.250
			rain_heavy=0.100
			snow=0.000
			blizzard=0.000
			arctic_water=0.000
			mud=0.000
			sandstorm=0.000
			min_snow_level=0.000
		}
		period={
			between={ 10.0 11.1 }
			temperature={ -10.0 35.0 }
			no_phenomenon=1.500
			rain_light=0.250
			rain_heavy=0.100
			snow=0.000
			blizzard=0.000
			arctic_water=0.000
			mud=0.000
			sandstorm=0.000
			min_snow_level=0.000
		}
	}
}
