
strategic_region={
	id=36
	name="STRATEGICREGION_315"
	provinces={
		3405 3467 3472 3491 3497 3526 3535 3580 3585 3606 3644 3646 3664 3667 3675 3740 3759 3783 3787 3846 3855 3859 3871 3937 3943 3955 3958 3967 3981 3993 4037 4038 4061 4088 4115 4141 4147 4185 4199 4249 4251 4256 4287 4304 4340 4356 4380 4395 4426 4431 4444 4513 4514 4522 4529 4551 4585 4601 4603 4607 4675 4680 4685 4698 4709 4711 4751 4767 4785 4796 4803 4823 4848 4859 4882 4884 4893 4898 4907 4912 4949 5015 5092 5093 5104 5124 5152 5160 5163 5168 5241 5257 5318 5336 5355 5362 5376 5425 5440 5441 5490 5557 5570 5611 5633 5700 5725 5730 5784 5790 5840 5856 5883 5893 5919 5945 5953 5970 5976 6021 6023 6047 6065 6081 6135 6147 6174 6209 6272 6287 6290 6316 6335 6364 6487 6497 6502 6510 6541 6543 6616 6620 6653 6731 6803 6814 6817 6819 6821 6835 6849 6853 6861 6869 6924 6999 7016 7020 7041 7063 7168 7230 7236 7242 7250 7300 7403 7481 7493 7525 7529 7532 7595 7609 7649 7660 7673 7674 7695 7699 7728 7762 7780 7844 7851 7876 7877 7893 7941 7942 7974 7975 7997 8723 8724 8732 8733 8740 8748 8753 8759 8762 8769 8777 8779 8800 8808 8813 8815 8816 8824 8826 8832 8834 8839 8855 8856 8859 8868 8869 8877 8885 8886 8895 8897 8898 8904 8906 8907 8908 8910 8915 
	}
	weather={
		period={
			between={ 0.0 3.0 }
			temperature={ -10.0 35.0 }
			no_phenomenon=1.500
			rain_light=0.250
			rain_heavy=0.100
			snow=0.000
			blizzard=0.000
			arctic_water=0.000
			mud=0.000
			sandstorm=0.000
			min_snow_level=0.000
		}
		period={
			between={ 3.0 4.0 }
			temperature={ -10.0 35.0 }
			no_phenomenon=1.500
			rain_light=0.250
			rain_heavy=0.100
			snow=0.000
			blizzard=0.000
			arctic_water=0.000
			mud=0.000
			sandstorm=0.000
			min_snow_level=0.000
		}
		period={
			between={ 4.0 7.0 }
			temperature={ -10.0 35.0 }
			no_phenomenon=1.500
			rain_light=0.250
			rain_heavy=0.100
			snow=0.000
			blizzard=0.000
			arctic_water=0.000
			mud=0.000
			sandstorm=0.000
			min_snow_level=0.000
		}
		period={
			between={ 7.0 10.0 }
			temperature={ -10.0 35.0 }
			no_phenomenon=1.500
			rain_light=0.250
			rain_heavy=0.100
			snow=0.000
			blizzard=0.000
			arctic_water=0.000
			mud=0.000
			sandstorm=0.000
			min_snow_level=0.000
		}
		period={
			between={ 10.0 11.1 }
			temperature={ -10.0 35.0 }
			no_phenomenon=1.500
			rain_light=0.250
			rain_heavy=0.100
			snow=0.000
			blizzard=0.000
			arctic_water=0.000
			mud=0.000
			sandstorm=0.000
			min_snow_level=0.000
		}
	}
}
