
strategic_region={
	id=37
	name="STRATEGICREGION_316"
	provinces={
		3376 3394 3402 3403 3404 3414 3427 3432 3433 3436 3437 3442 3443 3450 3463 3466 3477 3484 3504 3509 3522 3533 3548 3553 3554 3555 3559 3569 3574 3581 3583 3587 3596 3607 3609 3614 3619 3623 3624 3626 3628 3639 3651 3653 3669 3681 3687 3689 3702 3703 3707 3711 3724 3728 3731 3732 3742 3760 3763 3771 3772 3782 3795 3805 3809 3820 3825 3830 3840 3854 3876 3878 3879 3897 3901 3909 3914 3933 3942 3945 3959 3963 3973 3976 4023 4028 4045 4058 4064 4069 4072 4075 4103 4105 4109 4138 4149 4150 4152 4153 4157 4181 4196 4197 4208 4212 4213 4217 4227 4235 4238 4239 4240 4258 4281 4284 4285 4297 4298 4308 4309 4313 4321 4331 4344 4346 4359 4360 4371 4402 4416 4423 4432 4433 4438 4440 4441 4460 4465 4469 4477 4484 4485 4492 4497 4501 4504 4505 4507 4511 4516 4518 4531 4532 4533 4538 4543 4552 4560 4564 4579 4588 4591 4619 4631 4654 4660 4672 4679 4702 4703 4707 4724 4730 4743 4750 4757 4758 4766 4768 4770 4778 4789 4791 4798 4806 4825 4832 4836 4847 4853 4862 4881 4901 4902 4903 4909 4911 4914 4923 4925 4927 4932 4939 4941 4943 4962 4965 4972 4973 4984 4987 4995 4998 5007 5014 5017 5021 5036 5037 5042 5051 5081 5083 5091 5097 5098 5140 5154 5158 5165 5166 5182 5183 5187 5191 5195 5215 5217 5225 5227 5248 5252 5270 5273 5282 5294 5307 5312 5313 5332 5343 5350 5353 5357 5389 5396 5397 5402 5406 5408 5413 5416 5418 5419 5432 5434 5437 5450 5454 5470 5486 5507 5517 5522 5534 5542 5544 5549 5550 5605 5606 5621 5624 5627 5641 5643 5651 5653 5656 5666 5667 5688 5695 5714 5729 5733 5735 5736 5742 5749 5753 5757 5767 5774 5783 5788 5789 5798 5810 5819 5821 5823 5824 5827 5829 5833 5844 5863 5885 5894 5900 5906 5908 5912 5924 5932 5950 5971 5987 5992 5999 6002 6003 6008 6017 6040 6048 6059 6061 6063 6070 6107 6109 6113 6114 6130 6131 6136 6181 6202 6240 6246 6305 6323 6339 6340 6350 6355 6366 6395 6397 6398 6441 6457 6458 6464 6468 6473 6493 6500 6514 6526 6539 6557 6564 6566 6598 6600 6612 6629 6694 6702 6704 6727 6732 6746 6759 6762 6763 6765 6767 6769 6776 6780 6783 6826 6828 6843 6846 6847 6864 6880 6881 6998 7027 7028 7033 7050 7073 7074 7077 7098 7121 7125 7127 7149 7185 7191 7232 7248 7268 7269 7296 7299 7301 7302 7310 7318 7319 7339 7340 7352 7362 7387 7390 7438 7456 7469 7502 7512 7535 7555 7560 7575 7590 7599 7626 7628 7651 7655 7691 7693 7696 7698 7737 7741 7759 7767 7768 7783 7807 7814 7818 7824 7826 7832 7834 7839 7841 7853 7854 7885 7894 7906 7911 7912 7915 7929 7944 7948 7951 7971 8002 8030 8031 8032 8045 8047 8056 8063 8064 8074 8077 8081 8087 8090 8093 8105 8106 8107 8108 8115 8123 8128 8133 8137 8140 8155 8162 8165 8167 8180 8206 8211 8222 8242 8244 8256 8257 8259 8263 8264 8266 8270 8274 8281 8284 8292 8296 8299 8315 8317 8329 8334 8340 8344 8347 8362 8364 8366 8372 8379 8385 8411 8424 8436 8437 8444 8445 8452 8460 8466 8485 8511 8513 
	}
	weather={
		period={
			between={ 0.0 3.0 }
			temperature={ -10.0 35.0 }
			no_phenomenon=1.500
			rain_light=0.250
			rain_heavy=0.100
			snow=0.000
			blizzard=0.000
			arctic_water=0.000
			mud=0.000
			sandstorm=0.000
			min_snow_level=0.000
		}
		period={
			between={ 3.0 4.0 }
			temperature={ -10.0 35.0 }
			no_phenomenon=1.500
			rain_light=0.250
			rain_heavy=0.100
			snow=0.000
			blizzard=0.000
			arctic_water=0.000
			mud=0.000
			sandstorm=0.000
			min_snow_level=0.000
		}
		period={
			between={ 4.0 7.0 }
			temperature={ -10.0 35.0 }
			no_phenomenon=1.500
			rain_light=0.250
			rain_heavy=0.100
			snow=0.000
			blizzard=0.000
			arctic_water=0.000
			mud=0.000
			sandstorm=0.000
			min_snow_level=0.000
		}
		period={
			between={ 7.0 10.0 }
			temperature={ -10.0 35.0 }
			no_phenomenon=1.500
			rain_light=0.250
			rain_heavy=0.100
			snow=0.000
			blizzard=0.000
			arctic_water=0.000
			mud=0.000
			sandstorm=0.000
			min_snow_level=0.000
		}
		period={
			between={ 10.0 11.1 }
			temperature={ -10.0 35.0 }
			no_phenomenon=1.500
			rain_light=0.250
			rain_heavy=0.100
			snow=0.000
			blizzard=0.000
			arctic_water=0.000
			mud=0.000
			sandstorm=0.000
			min_snow_level=0.000
		}
	}
}
