
strategic_region={
	id=38
	name="STRATEGICREGION_317"
	provinces={
		3390 3420 3424 3431 3438 3448 3451 3452 3458 3461 3488 3492 3503 3512 3514 3516 3519 3532 3556 3558 3562 3564 3573 3575 3591 3603 3608 3621 3625 3640 3650 3657 3661 3673 3680 3690 3691 3692 3693 3704 3730 3751 3755 3757 3758 3762 3770 3792 3803 3804 3807 3814 3822 3851 3866 3867 3877 3902 3917 3923 3932 3948 3957 3960 3983 4005 4020 4022 4027 4034 4055 4065 4067 4074 4130 4139 4143 4161 4166 4173 4193 4206 4214 4224 4225 4231 4233 4246 4275 4293 4294 4314 4326 4335 4355 4367 4369 4381 4391 4405 4407 4424 4435 4436 4446 4474 4486 4489 4498 4509 4556 4561 4567 4572 4598 4612 4632 4633 4636 4668 4692 4710 4712 4714 4717 4725 4741 4754 4762 4769 4771 4776 4787 4792 4829 4831 4844 4852 4855 4863 4867 4885 4908 4916 4919 4924 4935 4950 4961 4966 4970 4978 4988 4993 4997 5000 5003 5006 5024 5033 5044 5046 5052 5079 5086 5102 5123 5190 5203 5210 5221 5232 5245 5254 5259 5269 5310 5329 5337 5347 5369 5382 5383 5390 5417 5427 5431 5435 5442 5460 5464 5467 5481 5489 5493 5506 5514 5547 5553 5564 5572 5595 5604 5612 5626 5637 5646 5649 5650 5661 5670 5673 5676 5680 5689 5690 5706 5752 5755 5764 5802 5809 5811 5825 5861 5875 5879 5888 5903 5928 5957 5961 5962 5974 5981 5989 6004 6032 6037 6038 6078 6079 6084 6086 6097 6103 6106 6133 6138 6143 6148 6193 6200 6210 6212 6245 6274 6288 6307 6351 6372 6376 6392 6394 6406 6410 6447 6452 6465 6506 6512 6521 6532 6546 6547 6549 6583 6628 6637 6666 6678 6681 6691 6724 6726 6738 6750 6774 6777 6786 6797 6805 6811 6815 6823 6833 6841 6865 6867 6878 6910 6918 6938 6966 6985 6996 7006 7007 7017 7030 7086 7092 7093 7100 7131 7148 7159 7166 7193 7196 7198 7227 7237 7270 7335 7355 7399 7412 7426 7435 7436 7449 7517 7520 7521 7563 7588 7601 7603 7615 7643 7653 7670 7671 7688 7694 7744 7779 7794 7796 7797 7801 7847 7848 7860 7863 7880 7905 7934 7943 7959 7963 7967 8008 8009 8022 8025 8514 8523 8524 8526 8531 8532 8540 8552 8554 8555 8556 8565 8574 8577 8587 8596 8601 8603 8604 8607 8612 8615 8619 8630 8637 8655 8663 8667 8678 8679 8686 8702 8712 8718 8770 8778 8789 8835 8849 8852 8870 8871 8875 8879 8881 8887 8890 8900 8901 8911 8916 8920 8922 
	}
	weather={
		period={
			between={ 0.0 3.0 }
			temperature={ -10.0 35.0 }
			no_phenomenon=1.500
			rain_light=0.250
			rain_heavy=0.100
			snow=0.000
			blizzard=0.000
			arctic_water=0.000
			mud=0.000
			sandstorm=0.000
			min_snow_level=0.000
		}
		period={
			between={ 3.0 4.0 }
			temperature={ -10.0 35.0 }
			no_phenomenon=1.500
			rain_light=0.250
			rain_heavy=0.100
			snow=0.000
			blizzard=0.000
			arctic_water=0.000
			mud=0.000
			sandstorm=0.000
			min_snow_level=0.000
		}
		period={
			between={ 4.0 7.0 }
			temperature={ -10.0 35.0 }
			no_phenomenon=1.500
			rain_light=0.250
			rain_heavy=0.100
			snow=0.000
			blizzard=0.000
			arctic_water=0.000
			mud=0.000
			sandstorm=0.000
			min_snow_level=0.000
		}
		period={
			between={ 7.0 10.0 }
			temperature={ -10.0 35.0 }
			no_phenomenon=1.500
			rain_light=0.250
			rain_heavy=0.100
			snow=0.000
			blizzard=0.000
			arctic_water=0.000
			mud=0.000
			sandstorm=0.000
			min_snow_level=0.000
		}
		period={
			between={ 10.0 11.1 }
			temperature={ -10.0 35.0 }
			no_phenomenon=1.500
			rain_light=0.250
			rain_heavy=0.100
			snow=0.000
			blizzard=0.000
			arctic_water=0.000
			mud=0.000
			sandstorm=0.000
			min_snow_level=0.000
		}
	}
}
