1 915
1 1781
1 2839
1 693
1 1268
1 2284
1 1802
1 3151
1 2310
1 1484
1 3237
1 525
1 394
1 1471
1 615
1 821
1 587
1 711
1 3132
1 314
1 160
1 2180
1 2319
1 1742
1 2891
1 1695
1 1682
1 1326
1 2008
1 2339
1 519
1 495
1 940
1 26
1 3056
1 1244
1 3177
1 1544
1 287
1 786
1 195
1 1553
1 142
1 108
1 2290
1 2344
1 1482
1 1260
1 84
1 2221
1 2522
1 389
1 187
1 2533
1 2027
1 1134
1 2086
1 849
1 65
1 2540
1 2309
1 1429
1 819
1 1881
1 572
1 1008
1 2000
1 275
1 3299
1 1212
1 1731
1 1710
1 787
1 416
1 304
1 3101
1 379
1 3051
1 2637
1 715
1 2693
1 1700
1 305
1 877